sequential/simple_rnn/kernel:0
(5, 3)
[[ 1.6405724  -1.6475335   1.1824108 ]
 [-1.4844407   0.38534582  0.3158351 ]
 [-0.57371026  1.9111733   0.60070324]
 [-0.01789482  0.06448487 -0.03992755]
 [-1.2353965  -1.5911487   0.30409405]]
sequential/simple_rnn/recurrent_kernel:0
(3, 3)
[[-0.9525732  -1.2601365  -0.9957727 ]
 [ 0.53355676  0.81654483 -0.5753768 ]
 [ 1.2265632   0.11047781 -1.9445212 ]]
sequential/simple_rnn/bias:0
(3,)
[ 0.15072109 -0.09501319  0.04566703]
sequential/dense/kernel:0
(3, 5)
[[-1.8159218   0.9253983  -0.97338057 -0.7254422   1.0812277 ]
 [-1.9592173  -1.0720766  -1.5611947   1.403021    1.5460339 ]
 [ 1.1815282   1.4094301  -1.7249033   1.5849348  -1.3001432 ]]
sequential/dense/bias:0
(5,)
[-0.70181924  0.06682299  0.28140095 -0.01011481 -0.03448505]
